1008510
1015510
1015510
1015510
1015510
1015510
1015510
1015510
1015510
1015510
1015510
1015510
1015510
1208945
1209531
1209531
1209531
1210716
1210716
1210716
1210716
1210716
1210716
1210716
1210716
1210716
1210716
1210716
1210716
1210716
1210716
1210716
1210716
1210716
1210716
1210716
1210716
1210716
1210716
1210716
1210716
1210716
1210716
1210716
1210716
1210716
1210716
1210716
1210716
1210716
1210716
1210716
1210716
1210716
1210716
1210716
1210716
1210716
1210716
1210716
1210716
1211515
1211515
1211515
1211515
1211515
1211515
1211515
1211515
1211515
1211515
1211515
1211515
1211515
1211515
1211515
1211515
1211515
1211515
1211515
1211515
1211515
1211515
1211515
1211515
1211515
1211515
1211515
1211515
1211515
1211515
1211515
1211515
1211515
1211515
1211515
1211515
1211515
1211515
1211515
1211515
1211515
1211515
1211515
1211515
1211528
1211515
1211528
1211515
1211528
1211515
1211528
1211515
1211528
1211515
1211528
1211515
1211528
1211515
1211528
1211515
1211528
1211515
1211515
1212348
1212347
1212348
1212348
1212348
1212348
1212348
1212348
1212348
1212348
1212348
1212348
1212348
1212348
1212348
1212348
1212348
1212348
1212348
1212348
1212348
1212348
1212348
1212348
1212348
1212348
1212348
1212348
1212348
1212348
1212348
1212348
1212348
1212348
1212348
1212348
1212348
1212348
1212348
1212348
1212348
1212348
1212348
1212348
1212348
1212348
1212348
1212348
1212348
1212348
1212348
1212348
1212348
1212348
1212348
1212348
1212348
1212348
1212348
315060
315060
315060
315060
315060
315060
315060
315060
315060
315060
315060
315060
315060
315060
315060
315060
315060
315060
315060
315060
315060
315060
316856
316862
316856
316862
316862
316856
316862
316862
316862
316862
316862
316862
316862
316862
316862
316862
316862
316862
316862
316862
316862
316862
316862
316862
316862
316862
316862
316862
316862
316862
316862
316862
316862
316862
316862
316862
316862
316862
316862
316862
316862
316862
316862
316862
316862
316862
316862
316862
316862
316862
316862
316862
316862
316862
316862
316862
316862
316862
316862
316862
316862
316862
316862
316862
316862
316916
316928
316922
316916
316922
316928
316916
316922
316928
316916
316928
316922
316928
316928
316928
316928
316928
316928
316928
316928
316928
316928
316928
316928
316928
316928
316928
316928
316928
316928
316928
316928
316928
316928
316928
316928
316928
316928
316928
316928
316928
316928
316928
316928
316928
316928
316928
317042
317042
317042
317042
317042
317042
317042
317042
317042
317042
317146
317146
317146
317146
317146
317146
317146
317146
317146
317146
317146
317146
317146
317146
317146
317146
317146
317146
317146
317146
317146
317146
317146
317146
317146
317146
317146
317146
317146
317146
317146
317146
317146
317146
317146
317146
317146
317146
317146
317146
317146
317146
317146
317146
317146
317146
317146
317146
317146
317146
317146
317146
317146
317146
317146
317146
317146
317146
317146
317146
317146
317146
317146
317146
317146
317146
400096
400096
400096
400096
400096
400096
400096
400096
400096
400096
400096
400096
400096
400096
400096
400096
400096
400096
400096
400096
400096
400096
400096
400096
400096
400096
400096
400096
400096
400096
400096
400096
400096
400096
400096
400096
400096
400096
400096
400096
400096
400096
400096
400096
400096
400096
400096
400096
400096
400128
400128
400128
400128
400128
400128
400128
400128
400128
400128
400128
400128
400128
400128
400128
400128
400128
400128
400128
400128
400128
400128
400128
400128
400128
400128
400287
400320
400320
400320
400320
400320
400320
400320
400320
400320
400320
400320
400320
400320
400320
400320
400320
400320
400320
400320
400320
400320
400320
400320
400320
400320
400320
400320
400320
400320
400382
400382
400382
400382
400382
400382
400382
400382
400382
400382
400382
400382
400382
400382
400382
400382
400382
400382
400382
400382
400382
400551
400551
400551
400551
400551
400551
400551
400551
400551
400551
400551
400551
400551
400551
400551
400551
400551
400551
400551
400551
400551
400551
400551
400551
400551
400551
400551
400551
400551
400551
400551
400551
400563
400563
400563
400563
400563
400563
400563
400563
400563
400563
400563
400563
400563
400563
400563
400563
400563
400563
400563
400563
400666
400666
400666
400666
400666
400666
400666
400666
400666
400666
400776
400776
400776
400776
400776
400776
400776
400776
400776
400776
400776
400776
400776
400776
400776
400776
400776
400776
400776
400776
400776
400776
400776
400776
400776
400776
400776
400776
400776
400776
400776
400776
400776
400776
400776
400776
400776
400776
400776
400776
400776
400776
400776
400776
400776
400776
400776
400776
400776
400776
400776
400776
400776
400776
400776
400776
400776
400776
400776
400776
400776
400776
400776
400776
400776
400776
400776
400776
400776
400776
400776
400776
400776
400776
400776
400776
400776
400776
400776
400776
400776
400776
400776
400776
400776
400776
400776
400776
400776
400776
400776
400776
400776
400776
400776
400776
400776
400776
400776
400776
400776
400776
400776
400776
400776
400776
400776
400776
400776
400776
400776
400776
400776
400776
400776
400776
400776
400776
400776
400776
400776
400776
400776
400776
400776
400776
400776
400776
400776
400776
400776
400776
400776
400776
400776
400776
400776
400776
400776
400776
400776
400776
400776
400776
400776
400776
400776
400776
400776
400776
400776
400776
400776
400776
400776
400776
400776
400776
400776
400776
400776
400776
400776
400776
400776
400776
400776
400776
400776
400776
400776
400776
400776
400776
400776
400776
400776
400776
400776
400776
400776
400776
400776
400776
400776
400776
400776
400776
400776
400776
400776
400776
400776
400776
400776
400776
400776
400776
400776
400776
400776
400776
400870
400870
400870
400870
400870
400870
400870
400870
400870
400870
400870
400870
400870
400870
400870
400870
400870
400870
400870
400870
400870
400870
400870
400870
400870
400870
400870
400870
400870
400870
400870
400870
400870
400870
400870
400870
400870
400870
400870
400870
400870
400870
400870
400870
400870
400870
400870
400870
400870
400870
400870
400870
400870
400870
400870
400870
400870
400870
400870
400870
400870
400870
400870
400870
400870
400870
400870
400870
400870
400870
400870
400870
400870
400870
400870
400870
400870
400870
400870
400870
400870
400870
400870
400870
400870
400870
400870
400870
400870
400870
400926
400926
400926
400926
400926
400926
401048
401048
401048
401048
401048
401073
401073
401073
401073
401073
401073
401073
401073
401073
401073
401073
401073
401073
401073
401073
401073
401073
401073
401073
401073
401073
401073
401073
401073
401073
401073
401073
401073
401073
401073
401073
401073
401073
401073
401073
401073
401073
401073
401073
401073
401073
401073
401073
401073
401073
401073
401073
401073
401073
401073
401073
401073
401073
401073
401073
401073
401073
401073
401085
401085
401085
401085
401085
401085
401085
401085
401085
401085
401085
401085
401085
401085
401085
401085
401085
401085
401085
401085
401085
401085
401085
401085
401085
401085
401085
401085
401085
401085
401085
401085
401085
401085
401139
401139
401137
401137
401139
401137
401137
401139
401137
401137
401137
401139
401137
401137
401137
401139
401137
401137
401139
401137
401137
401137
401139
401137
401137
401139
401137
401137
401137
401139
401137
401137
401139
401137
401137
401137
401139
401137
401137
401139
401137
401137
401137
401139
401137
401137
401137
401139
401137
401137
401139
401137
401139
401137
401137
401139
401137
401137
401137
401137
401137
401137
401137
401137
401137
401137
401137
401137
401137
401137
401137
401137
401137
401137
401137
401137
401137
401137
401137
401137
401137
401137
401137
401137
401137
401137
401137
401137
401137
401137
401137
401137
401137
401137
401137
401137
401137
401137
401137
401154
401154
401154
401154
401154
401154
401154
401154
401154
401154
401154
401154
401154
401154
401154
401154
401154
401154
401154
401154
401247
401247
401247
401247
401247
401247
401247
401247
401247
401284
401284
401284
401284
401284
401284
401284
401284
401284
401284
401284
401284
401284
401284
401284
401284
401284
401284
401284
401284
401284
401284
401284
401284
401284
401284
401284
401405
401405
401405
401405
401405
401405
401405
401405
401405
401405
401405
401405
401405
401405
401405
401405
401405
401405
401405
401405
401405
401405
401405
401405
401405
401405
401405
401438
401438
401438
401438
401438
401438
401438
401438
401438
401438
401438
401438
401438
401438
401438
401438
401438
401438
401438
401438
401438
401438
401438
401438
401438
401438
401438
401438
401438
401438
401492
401492
401492
401492
401492
401492
401492
401492
401492
401492
401492
401492
401492
401492
401492
401492
401492
401492
401492
401492
401492
401492
401492
401492
401492
401492
401492
401492
401492
401492
401492
401492
401492
401492
401492
401492
401492
401492
401507
401507
401507
401507
401623
401623
401623
401623
401623
401623
401623
401623
401623
401623
401623
401625
401625
401625
401625
401625
401625
401625
401625
401625
401625
401625
401625
401625
401633
401633
401633
401708
401708
401708
401708
401708
401708
401708
401708
401708
401708
401708
401708
401708
401708
401708
401708
401708
401708
401708
401708
401708
401708
401708
401708
401708
401708
401708
401708
401708
401708
401708
401708
401708
401708
401708
401708
401708
401708
401708
401708
401708
401708
401708
401708
401708
401708
401708
401708
401708
401708
401708
401708
401708
401708
401728
401728
401728
401728
401728
401728
401728
401728
401728
401728
401728
401728
401728
401728
401728
401728
401728
401728
401728
401728
401728
401728
401728
401728
401792
401792
401792
401792
401792
401792
401792
401792
401792
401792
401802
401802
401937
401937
401937
401937
401937
401937
401937
401937
401937
401937
401937
401937
401937
401937
401937
401937
401937
401937
401937
401937
401937
401937
401937
401937
401937
401937
401937
401937
402013
402013
402013
402013
402013
402013
402013
402013
402013
402013
402013
402013
402013
402013
402013
402013
402013
402013
402013
402013
402013
402013
402013
402013
402013
402013
402013
402013
402013
402013
402013
402013
402013
402013
402013
402013
402013
402013
402013
402013
402013
402013
402013
402013
402013
402013
402013
402013
402205
402205
402205
500013
500013
500013
500013
500013
500013
500013
500013
500013
500013
500013
500013
500013
500013
500013
500013
500013
500013
500013
500013
500013
500013
500013
500013
500013
500013
500013
500013
500013
500013
500013
500013
500013
500013
500013
500013
500013
500013
500013
500013
500013
500013
500013
500013
500013
500013
716050
716050
716050
716050
716050
716050
716050
716050
716050
716050
716050
716050
716050
716050
716050
716271
716271
716271
716271
716271
716441
716441
716441
716441
716939
716939
716939
716939
716939
716939
716940
716939
716940
716939
716942
716940
716942
716941
716942
716939
716940
716941
716939
716940
716941
716940
716939
716941
716939
716940
716941
716940
716939
716941
716939
716940
716941
716939
716940
716941
716939
716940
716941
716939
716940
716941
716940
716939
716941
716939
716940
716941
716939
716940
716941
716939
716940
716941
716939
716940
716941
716941
716939
716940
716941
716939
716940
716941
716941
716939
716940
716941
716940
716939
716941
716940
716939
716940
716941
716939
716941
716940
716939
716941
716940
716939
716941
716940
716939
716940
716941
716939
716940
716941
716939
716940
716941
716939
716940
716941
716939
716941
716940
716939
716940
716941
716939
716941
716940
716939
716940
716941
716939
716939
716940
716941
716939
716943
716941
716940
716939
716943
716940
716941
716943
716939
716943
716941
716940
716943
716939
716943
716941
716940
716939
716943
716941
716943
716943
716940
716939
716941
716943
716939
716940
716941
716943
716939
716940
716941
716943
716940
716939
716941
716940
716939
716943
716941
716939
716940
716943
716941
716943
716939
716940
716941
716943
716940
716939
716943
716941
716940
716939
716941
716943
716939
716940
716941
716940
716939
716943
716941
716939
716940
716941
716943
716939
716943
716940
716941
716943
716939
716943
716940
716941
716943
716939
716941
716940
716943
716939
716943
716940
716941
716939
716943
716940
716941
716939
716941
716940
716943
716939
716940
716941
716943
716939
716941
716940
716943
716939
716941
716940
716943
716939
716943
716940
716941
716943
716939
716943
716941
716940
716943
716939
716943
716940
716941
716943
716939
716943
716941
716940
716943
716939
716941
716940
716943
716939
716943
716943
716940
716941
716939
716943
716941
716940
716943
716939
716943
716940
716941
716943
716939
716943
716940
716941
716943
716939
716941
716940
716943
716939
716940
716943
716941
716939
716940
716943
716941
716939
716943
716940
716939
716941
716940
716943
716939
716941
716940
716943
716941
716939
716940
716943
716939
716940
716943
716941
716939
716943
716941
716940
716943
716939
716940
716941
716943
716939
716943
716940
716941
716943
716939
716943
716940
716941
716943
716939
716943
716941
716940
716939
716943
716941
716940
716943
716939
716943
716940
716941
716943
716939
716943
716940
716941
716943
716939
716940
716941
716943
716939
716943
716941
716940
716943
716939
716943
716941
716940
716939
716943
716941
716940
716939
716940
716941
716943
716939
716941
716943
716940
716939
716941
716940
716943
716939
716943
716941
716940
716939
716941
716940
716943
716939
716943
716940
716943
716941
716939
716941
716940
716943
716939
716943
716941
716940
716943
716939
716941
716940
716939
716943
716940
716941
716943
716939
716941
716940
716943
716939
716943
716940
716941
716943
716939
716940
716941
716943
716939
716941
716940
716943
716939
716943
716941
716940
716943
716939
716943
716940
716941
716939
716943
716941
716940
716943
716939
716943
716940
716941
716943
716939
716943
716941
716940
716943
716939
716941
716940
716943
716939
716943
716941
716940
716943
716939
716943
716940
716941
716943
716939
716943
716940
716941
716943
716939
716943
716941
716940
716943
716939
716943
716940
716941
716943
716939
716943
716941
716940
716943
716939
716943
716940
716941
716943
716939
716940
716941
716943
716939
716943
716940
716941
716939
716943
716940
716943
716939
716941
716940
716943
716941
716939
716940
716941
716939
716940
716941
716939
716940
716941
716939
716940
716941
716939
716939
716940
716941
716939
716941
716940
716939
716940
716941
716939
716941
716940
716939
716943
716941
716940
716941
716943
716939
716940
716941
716939
716943
716940
716943
716941
716939
716940
716941
716943
716939
716940
716939
716943
716941
716940
716941
716939
716943
716940
716939
716941
716943
716940
716939
716943
716941
716939
716940
716941
716943
716939
716940
716941
716943
716940
716939
716943
716941
716939
716940
716941
716943
716939
716940
716941
716943
716940
716939
716941
716943
716939
716940
716941
716943
716940
716939
716941
716943
716939
716940
716943
716941
716940
716939
716941
716940
716943
716939
716941
716943
716941
716940
716939
716943
716941
716940
716939
716943
716939
716941
716940
716943
716940
716939
716941
716943
716941
716940
716939
716943
716939
716941
716940
716943
716940
716941
716939
716943
716940
716941
716939
716943
716940
716941
716939
716943
716941
716940
716939
716940
716941
716943
716939
716943
716941
716940
716939
716940
716943
716941
716939
716943
716940
716941
716939
716943
716940
716939
716943
716940
716939
716943
716940
716939
716943
716940
716943
716940
716939
716943
716939
716940
716943
716940
716939
716943
716939
716940
716943
716939
716940
716943
716939
716940
716943
716940
716939
716943
716939
716940
716943
716940
716939
716943
716939
716940
716943
716940
716939
716943
716940
716943
716940
716943
716940
716943
716940
716943
716940
716943
716943
716943
716943
716943
716943
716943
716943
716943
716943
716944
716944
716944
716944
716944
716944
716944
716944
716944
716944
716944
716944
716944
716944
716944
716944
716944
716944
716944
716944
716944
716944
716944
716944
716944
716944
716944
716944
716944
716944
716944
716944
716944
716944
716944
716944
716944
716944
716944
716944
716944
716944
716944
716944
716944
716944
716944
716944
716944
716944
716944
716944
716944
716944
716944
716944
716944
716944
716944
716944
716944
716944
716944
716944
716944
716944
716944
716944
716944
716944
716944
716944
716944
716944
716944
716944
716944
716944
716944
716944
716944
716944
716944
716944
716944
716944
716944
716944
716944
716944
716944
716944
716944
716944
716944
716944
716944
716944
716944
716944
716944
716944
716944
716944
716944
716944
716944
716944
716944
716944
716944
716944
716944
716944
716944
716944
716944
716944
716944
716944
716944
716944
716944
716944
716944
716944
716944
716944
716944
716944
716944
716944
716944
716944
716944
716944
716944
716944
716944
716944
716944
716944
716944
716944
716944
716944
716944
716944
716944
716944
716944
716944
716944
716944
716944
716944
716944
716944
716944
716944
716944
716944
716944
716944
716944
716944
716944
716944
716944
716944
716944
716944
716944
716944
716944
716944
716944
716944
716944
716944
716944
716944
716944
716944
716944
716944
716944
716944
716944
716944
716944
716944
716944
716944
716944
716944
716944
716944
716944
716944
716975
716975
716975
716975
716975
716975
716975
716975
716975
716975
716975
716975
716975
716975
716975
716975
716975
716975
716975
716975
716975
716975
716975
717016
717016
717016
717016
717016
717016
717016
717016
717016
717016
717016
717016
717016
717016
717016
717016
717016
717016
717016
717016
717016
717016
717016
717016
717016
717016
717016
717016
717016
717016
717016
717016
717016
717016
717016
717016
717016
717016
717016
717016
717016
717016
717016
717016
717016
717016
717016
717016
717016
717016
717016
717016
717016
717016
717016
717016
717016
717016
717016
717016
717016
717016
717016
717016
717016
717016
717016
717016
717016
717016
717016
717016
717232
717232
717232
717232
717232
717232
717232
717232
717229
717232
717229
717232
717229
717232
717229
717229
717232
717229
717229
717229
717232
717229
717232
717229
717229
717232
717229
717232
717229
717229
717232
717229
717229
717232
717229
717232
717229
717229
717232
717229
717229
717232
717229
717229
717232
717229
717232
717229
717229
717232
717232
717232
717232
717232
717232
717232
717232
717232
717232
717232
717232
717232
717232
717232
717232
717232
717232
717232
717232
717232
717232
717232
717232
717232
717232
717232
717232
717232
717232
717232
717232
717232
717232
717232
717232
717232
717232
717232
717232
717232
717232
717232
717232
717232
717232
717232
717232
717232
717232
717232
717232
717232
717232
717232
717232
717232
717232
717232
717232
717232
717232
717232
717232
717232
717232
717232
717232
717232
717232
717232
717232
717339
717387
717387
717387
717387
717387
717387
717387
717387
717387
717387
717399
717399
717399
717399
717399
717399
717399
717399
717399
717399
717399
717399
717399
717399
717399
717399
717399
717399
717399
717399
717399
717399
717399
717399
717399
717560
717560
717560
717560
717560
717560
717560
717560
717560
717560
717560
717560
717560
717560
717560
717560
717560
717560
717560
717560
717560
717560
717560
717560
717560
717560
717560
717560
717560
717560
717560
717560
717560
717560
717560
717560
717560
717560
717560
717560
717560
717560
717560
717560
717560
717560
717859
717859
717859
717859
717859
717859
717859
717859
717859
717859
717859
717859
717859
717859
717859
717859
717859
717859
717859
717859
717859
717859
717859
717859
717859
717859
717859
717859
717859
717859
717859
717859
717859
717859
717859
717929
717970
717970
717970
717983
718102
718102
718102
718102
718102
718102
718102
718102
718102
718102
718102
718102
718102
718102
718102
718102
718102
718102
718102
718102
718102
718102
718102
718102
718102
718102
718102
718102
718102
718102
718102
718102
718102
718102
718102
718102
718102
718102
718102
718102
718102
718376
718499
718499
718499
718499
718499
718499
718499
718499
718499
718499
718499
718499
718499
718499
718499
718499
718499
718499
718499
718499
718499
718499
718499
718499
718499
718499
718499
718499
718499
718499
718499
718499
718499
718499
718499
718499
718499
718499
718499
718499
718499
718499
718499
718499
718499
718499
718499
718499
718499
718499
718499
718499
718499
718499
718499
718499
718499
718499
718499
718499
718499
718499
718499
718499
718499
759289
759289
759289
759289
759289
759289
759289
763539
763539
763539
763970
763970
763970
763970
763970
764125
764125
764125
764125
764125
764125
764125
764125
764125
764125
764125
764125
764125
764125
764125
764125
764125
764125
764125
764125
764125
764125
764125
764125
764125
764125
764125
764125
764125
764125
764125
764125
764125
764125
764125
764125
764125
764125
764125
764125
764125
764125
764125
764125
764125
764125
764125
764125
764125
764125
764125
764125
764125
764125
764125
764125
764125
764125
764125
764125
764125
764125
764125
764125
764125
764125
764125
764125
764125
764125
764125
764125
764206
764891
764891
764891
764891
764891
764891
766875
768238
768238
768238
768238
768238
768238
768238
768238
768238
768238
768238
768238
768238
768238
768238
768238
768238
768238
768238
768238
768238
768238
768238
768238
768238
768238
768238
768238
768238
768238
768238
768238
768238
768238
768238
768238
768238
768238
768238
768238
768238
768238
768238
768238
768238
768238
768238
768238
768238
768238
768238
768238
768238
768238
768238
768238
768238
768238
768238
768238
768238
768238
768238
768238
768238
768238
768238
768238
768238
768238
768238
768238
768238
768238
768238
768238
768238
768238
768238
768238
768238
768238
768238
768238
768238
768238
768238
768238
768238
768238
768238
768238
768238
768238
768238
768238
768238
768238
768238
768598
768598
768598
768598
768598
768598
768598
768598
768598
769405
769405
769405
769405
769405
769405
769405
769405
769405
769405
769405
769405
769405
769405
769405
769405
769405
769405
769405
769405
769405
769405
769405
769405
769405
769405
769405
769405
769405
769405
769405
769405
769405
769405
769405
769405
769405
769405
769405
769405
769405
769405
769405
769405
769405
769405
769405
769405
769405
769405
769405
769405
769405
769405
769405
769405
769405
769405
769405
769405
816150
816150
wim.31.S
wim.31.S
wim.31.S
wim.31.S
wim.31.S
wim.31.S
wim.31.S
wim.31.S
wim.31.S
wim.31.S
wim.31.S
wim.31.S
wim.31.S
wim.31.S
wim.31.S
wim.31.S
wim.31.S
wim.31.S
wim.31.S
wim.31.S
wim.31.S
wim.31.S
wim.31.S
wim.31.S
wim.31.S
wim.64.W
wim.64.E
wim.64.W
wim.64.E
wim.64.W
wim.64.E
wim.64.W
wim.64.E
wim.64.W
wim.64.E
wim.64.W
wim.64.E
wim.64.W
wim.64.E
wim.64.W
wim.64.E
wim.64.W
wim.64.E
wim.64.W
wim.64.E
wim.64.W
wim.64.E
wim.64.W
wim.64.E
wim.64.W
wim.64.E
wim.64.W
wim.64.E
wim.64.W
wim.64.E
wim.64.W
wim.64.E
wim.64.W
wim.64.E
wim.64.W
wim.64.E
wim.64.W
wim.64.W
wim.64.E
wim.64.E
wim.80.W
wim.80.W
wim.80.W
wim.80.W
wim.80.W
wim.80.W
wim.80.W
wim.80.W
wim.80.W
wim.80.W
wim.80.W
wim.80.W
wim.80.W
wim.80.W
wim.80.W
wim.80.W
wim.80.W
